   21.84503967   -38.42801155   101.56699458
   23.99031870   -38.80120065   102.17044541
   25.88069902   -39.41284360   102.46004816
   27.69792895   -40.13574098   102.67917536
   29.66841653   -40.93407850   102.93587172
   31.94588551   -41.40987278   103.45255939
   34.18275861   -41.16493151   104.26402766
   36.74057511   -40.79320735   105.05396057
   39.00786893   -40.61999889   105.53663727
   41.51876865   -39.84932906   106.10584347
   43.88784571   -39.40489325   106.37059135
   46.49538173   -39.53965257   106.26109365
   48.96427650   -39.68651115   105.92838119
   51.62037305   -39.35639026   105.46703567
   53.88719423   -38.52797744   105.01543948
   55.72577490   -36.71477263   104.78967069
   57.03011031   -34.45977979   104.68329397
   58.39794420   -32.41540052   104.30828323
   60.21241002   -30.64130744   103.49349012
   62.28654678   -30.18577530   102.22336933
   64.13358309   -31.04156259   100.88550314
   65.31899588   -32.97367681    99.90319285
   66.29117331   -35.14436412    99.01320529
   67.34478437   -37.11151334    98.02883839
   69.48788477   -36.68017547    96.38706032
   70.61750588   -34.56212228    95.37940647
   71.67085903   -32.73622354    94.22903133
