  -54.66230447    23.17969731
  -52.18098841    24.95802181
  -49.65258801    26.07199671
  -47.05485869    27.00440392
  -44.21439837    28.03744198
  -41.46029037    29.73443794
  -39.60390200    32.14102957
  -37.58715179    34.75345756
  -35.60678088    36.70741976
  -34.10746560    39.18936584
  -32.34660719    41.03629271
  -29.64551549    42.23683841
  -27.05640057    43.05075197
  -24.85447443    44.01051859
  -23.63419148    45.00545921
  -24.03700965    46.54371529
  -25.51639503    48.16889374
  -26.68496939    49.36140622
  -27.08596010    50.06239809
  -25.59425825    49.64389257
  -22.69017276    48.37759817
  -19.10349260    46.73341088
  -15.43580247    44.98870510
  -11.93940659    43.25125007
  -10.29673909    42.30556227
  -11.77513063    42.48995904
  -12.97788508    42.28891264
