   -1.04182063    53.92370723
    0.71884438    53.38078942
    1.91486925    52.42497611
    2.89355267    51.36214128
    3.93173632    50.23560682
    5.67112487    49.46244806
    8.23954154    49.47066640
   11.27469680    49.32869717
   13.76314928    48.82474446
   17.21265800    48.58745137
   20.11222607    47.85180905
   22.53381257    46.19660773
   24.79551033    44.30829114
   27.81430163    42.36494658
   31.04946994    40.88062521
   35.06024422    40.39395024
   39.09148297    40.56466880
   42.93601974    40.23038800
   46.89250805    38.91663017
   49.48223386    36.22920395
   50.23321394    32.98404307
   49.01452589    30.11686906
   47.30183411    27.39666950
   45.92516263    24.60298343
   48.54010504    21.38560867
   52.23975105    20.31818735
   55.51987870    18.96105222
