   -0.00000000   -84.28235294
   -0.33119203   -82.20897078
   -0.49926270   -79.97382614
   -0.60906168   -77.52811791
   -0.68974647   -74.83645560
   -0.71684598   -71.89869814
   -0.71724250   -69.05714317
   -0.71724250   -66.51956353
   -0.71724250   -64.23906557
   -0.71724250   -62.16511231
   -0.71724250   -60.25200506
   -0.71724250   -58.45893547
   -0.71724250   -56.74531193
   -0.71724250   -55.07244231
   -0.71724250   -53.42309989
   -0.71724250   -51.79361954
   -0.71724250   -50.18054958
   -0.71706099   -48.58125772
   -0.71534655   -46.99838838
   -0.71028370   -45.43666632
   -0.70005560   -43.90080567
   -0.68321081   -42.39430025
   -0.65975182   -40.91584321
   -0.63004223   -39.46293963
   -0.59444542   -38.03309869
   -0.55339509   -36.62355984
   -0.50779263   -35.22975339
   -0.45873008   -33.84637879
   -0.40730055   -32.46814102
   -0.35459771   -31.08975245
   -0.30200056   -29.70691780
   -0.25195275   -28.31903544
   -0.20714781   -26.92638422
   -0.17028049   -25.52926500
   -0.14402861   -24.12801030
   -0.13006198   -22.72351429
   -0.12851458   -21.31750358
   -0.13939023   -19.91177452
   -0.16266037   -18.50810877
   -0.19715623   -17.10774693
   -0.24026624   -15.71123233
   -0.28928668   -14.31904233
   -0.34151493   -12.93163211
   -0.39435698   -11.54906785
   -0.44619474   -10.16805965
   -0.49593098    -8.78352682
   -0.54247399    -7.39036460
   -0.58473253    -5.98346059
   -0.62170957    -4.55800306
   -0.65289185    -3.11076595
   -0.67792148    -1.63903104
   -0.69644041    -0.14007645
   -0.70824126     1.38827318
   -0.71443997     2.94336218
   -0.71683794     4.52001988
   -0.71724217     6.11303888
   -0.71724250     7.71709475
   -0.71724250     9.32630052
   -0.71724250    10.93458020
   -0.71724191    12.53585825
   -0.71550555    14.12587387
   -0.70475425    15.70616923
   -0.67660346    17.27945002
   -0.62269046    18.84842718
   -0.53914047    20.41534729
   -0.43197121    21.98144897
   -0.30851556    23.54789381
   -0.17610049    25.11590786
   -0.04282130    26.68696210
    0.08010019    28.26325258
    0.18063593    29.84703860
    0.24674617    31.44043942
    0.27338259    33.04362989
    0.27593934    34.65143414
    0.27353118    36.25771742
    0.28510398    37.85638140
    0.31286797    39.44409968
    0.32866063    41.02255826
    0.30111791    42.59396020
    0.19974031    44.16048530
    0.02434846    45.72398923
   -0.18729551    47.28601559
   -0.39507185    48.84822852
   -0.55900653    50.41245163
   -0.65660184    51.98267074
   -0.70255797    53.56720652
   -0.71633295    55.17484814
   -0.71724250    56.81448773
   -0.71724250    58.50572296
   -0.71724250    60.28432001
   -0.71724250    62.18737785
   -0.71724250    64.25231473
   -0.71724250    66.52343114
   -0.71724250    69.05166301
   -0.71685433    71.88445390
   -0.69018082    74.81934457
   -0.60972198    77.51307069
   -0.49976463    79.96402428
   -0.33137038    82.20572034
   -0.00000000    84.28235294
