   -0.00000000   -84.28235294
   -0.65269741   -82.25641380
   -0.98421129   -80.04342104
   -1.20089108   -77.61043767
   -1.36016917   -74.92645661
   -1.41367577   -71.98856759
   -1.41445872   -69.14350863
   -1.41445872   -66.60275540
   -1.41445872   -64.31940537
   -1.41445872   -62.24285834
   -1.41445872   -60.32735849
   -1.41445872   -58.53204641
   -1.41445872   -56.81627975
   -1.41445872   -55.14131798
   -1.41445872   -53.48991283
   -1.41445872   -51.85839459
   -1.41445872   -50.24330727
   -1.41410032   -48.64199987
   -1.41071509   -47.05701077
   -1.40071841   -45.49293912
   -1.38052341   -43.95439243
   -1.34726559   -42.44480148
   -1.30095215   -40.96290778
   -1.24230403   -39.50628658
   -1.17204224   -38.07251230
   -1.09102702   -36.65888932
   -1.00104148   -35.26093531
   -0.90424426   -33.87343950
   -0.80279490   -32.49118743
   -0.69885271   -31.10896319
   -0.59513798   -29.72254987
   -0.49646788   -28.33146658
   -0.40814879   -26.93610135
   -0.33548658   -25.53683777
   -0.28375215   -24.13406373
   -0.25623012   -22.72866239
   -0.25318098   -21.32227567
   -0.27461182   -19.91660923
   -0.32046918   -18.51335310
   -0.38845534   -17.11362284
   -0.47343021   -15.71780902
   -0.57007073   -14.32625978
   -0.67305340   -12.93932774
   -0.77726543   -11.55700487
   -0.87951550   -10.17596685
   -0.97763770    -8.79111938
   -1.06947553    -7.39735300
   -1.15287224    -5.98955981
   -1.22585606    -4.56294338
   -1.28740972    -3.11430695
   -1.33682291    -1.64096837
   -1.37338554    -0.14024654
   -1.39668564     1.38998759
   -1.40892502     2.94702886
   -1.41365990     4.52566960
   -1.41445806     6.12068407
   -1.41445872     7.72674604
   -1.41445872     9.33796434
   -1.41445872    10.94825540
   -1.41445841    12.55153606
   -1.41357765    14.14351850
   -1.40812415    15.72563837
   -1.39384541    17.30043890
   -1.36648339    18.87042243
   -1.32043369    20.43761779
   -1.24712140    22.00309925
   -1.13757695    23.56786708
   -0.98283067    25.13297945
   -0.78017320    26.69984251
   -0.55218533    28.27107686
   -0.32782429    29.84961463
   -0.13603516    31.43839844
    0.00255818    33.03828355
    0.09161617    34.64396627
    0.13920009    36.24894295
    0.15329551    37.84665037
    0.13477752    39.43374685
    0.07161576    41.01293058
   -0.04958642    42.58767837
   -0.24160487    44.16156935
   -0.49441141    45.73659347
   -0.76937443    47.31254729
   -1.02601951    48.88894722
   -1.22393946    50.46517957
   -1.34143695    52.04360370
   -1.39677497    53.63318187
   -1.41336338    55.24378695
   -1.41445872    56.88554207
   -1.41445872    58.57889242
   -1.41445872    60.35971385
   -1.41445872    62.26515173
   -1.41445872    64.33267109
   -1.41445872    66.60662785
   -1.41445872    69.13802162
   -1.41369225    71.97430659
   -1.36102673    74.90938173
   -1.20219439    77.59546379
   -0.98520162    80.03368067
   -0.65304909    82.25318705
   -0.00000000    84.28235294
