   -0.00000000   -84.28235294
   -0.22677586   -82.29140546
   -0.34203230   -80.09477699
   -0.41739164   -77.67120384
   -0.47280075   -74.99290911
   -0.49141702   -72.05492840
   -0.49168944   -69.20728213
   -0.49168944   -66.66418547
   -0.49168944   -64.37872943
   -0.49168944   -62.30026713
   -0.49168944   -60.38300054
   -0.49168944   -58.58603259
   -0.49168944   -56.86868341
   -0.49168944   -55.19217677
   -0.49168944   -53.53924847
   -0.49168944   -51.90622542
   -0.49168944   -50.28964844
   -0.49156474   -48.68685273
   -0.49038690   -47.10029814
   -0.48690872   -45.53449089
   -0.47988235   -43.99395960
   -0.46831147   -42.48208846
   -0.45219920   -40.99765487
   -0.43179713   -39.53828613
   -0.40735704   -38.10160504
   -0.37917922   -36.68496417
   -0.34788493   -35.28394589
   -0.31422585   -33.89340587
   -0.27895364   -32.50818926
   -0.24281955   -31.12313310
   -0.20676942   -29.73407830
   -0.17247727   -28.34063298
   -0.14178629   -26.94326553
   -0.11653874   -25.54242036
   -0.09856431   -24.13852592
   -0.08900264   -22.73245707
   -0.08794334   -21.32579317
   -0.09538875   -19.92017300
   -0.11132102   -18.51721908
   -0.13494327   -17.11795487
   -0.16447131   -15.72265833
   -0.19805704   -14.33158235
   -0.23385153   -12.94500384
   -0.27007821   -11.56285995
   -0.30562765   -10.18180085
   -0.33974640    -8.79672207
   -0.37168392    -7.40251061
   -0.40068927    -5.99406176
   -0.42607561    -4.56659033
   -0.44748802    -3.11692116
   -0.46467842    -1.64239874
   -0.47739894    -0.14037214
   -0.48550560     1.39125350
   -0.48976407     2.94973636
   -0.49141150     4.52984142
   -0.49168921     6.12632939
   -0.49168944     7.73387269
   -0.49168944     9.34657708
   -0.49168944    10.95835336
   -0.49168974    12.56311279
   -0.49257581    14.15656360
   -0.49806214    15.74014293
   -0.51242686    17.31639658
   -0.53992073    18.88782922
   -0.57954312    20.45640625
   -0.61872180    22.02296276
   -0.64334443    23.58817377
   -0.63930680    25.15270245
   -0.59691701    26.71762817
   -0.52425959    28.28579610
   -0.43389393    29.86061069
   -0.33836223    31.44561062
   -0.24985442    33.04223421
   -0.17957371    34.64543966
   -0.13854969    36.24893155
   -0.13771703    37.84636530
   -0.17839713    39.43457853
   -0.24446292    41.01635828
   -0.31795055    42.59524723
   -0.38115903    44.17486942
   -0.42568307    45.75694678
   -0.45475958    47.34056302
   -0.47235724    48.92438629
   -0.48244051    50.50684345
   -0.48814432    52.08967557
   -0.49083089    53.68216803
   -0.49163626    55.29470952
   -0.49168944    56.93800961
   -0.49168944    58.63292180
   -0.49168944    60.41538575
   -0.49168944    62.32258108
   -0.49168944    64.39200739
   -0.49168944    66.66806149
   -0.49168944    69.20179006
   -0.49142276    72.04065503
   -0.47309911    74.97586101
   -0.41784499    77.65628422
   -0.34237668    80.08508207
   -0.22689810    82.28819619
   -0.00000000    84.28235294
