   -1.19518137   -74.86811651
   -1.24215959   -71.93031180
   -1.24284699   -69.08752420
   -1.24284699   -66.54882818
   -1.24284699   -64.26732694
   -1.24284699   -62.19246126
   -1.24284699   -60.27851236
   -1.24284699   -58.48465392
   -1.24284699   -56.77027649
   -1.24284699   -55.09667091
   -1.24284699   -53.44660288
   -1.24284699   -51.81640565
   -1.24284699   -50.20262604
   -1.24253233   -48.60262517
   -1.23956023   -47.01901020
   -1.23078343   -45.45646172
   -1.21305251   -43.91965641
   -1.18385172   -42.41206590
   -1.14318609   -40.93240033
   -1.09168686   -39.47818942
   -1.02998505   -38.04696525
   -0.95883374   -36.63599010
   -0.87979655   -35.24072494
   -0.79476734   -33.85590079
   -0.70564145   -32.47625096
   -0.61431480   -31.09651304
   -0.52317718   -29.71241932
   -0.43646239   -28.32341068
   -0.35883611   -26.92980441
   -0.29496525   -25.53193055
   -0.24948690   -24.13014111
   -0.22529191   -22.72532645
   -0.22261133   -21.31918339
   -0.24145160   -19.91347635
   -0.28176413   -18.50995474
   -0.34152588   -17.10981513
   -0.41621465   -15.71354708
   -0.50114812   -14.32158246
   -0.59164509   -12.93434038
   -0.68321152   -11.55186090
   -0.77304344   -10.17084204
   -0.85923892    -8.78619834
   -0.93990511    -7.39282342
   -1.01314967    -5.98560645
   -1.07724319    -4.55974112
   -1.13129471    -3.11201167
   -1.17468269    -1.63971257
   -1.20678547    -0.14013628
   -1.22724275     1.38887627
   -1.23798860     2.94465202
   -1.24214566     4.52200730
   -1.24284641     6.11572825
   -1.24284699     7.72048981
   -1.24284699     9.33040354
   -1.24284699    10.93939077
   -1.24284642    12.54137328
   -1.24119010    14.13207765
   -1.23093447    15.71299297
   -1.20408195    17.28674392
   -1.15264760    18.85593761
   -1.07100319    20.42272501
   -0.95871134    21.98830977
   -0.81602205    23.55383679
   -0.64317613    25.12052576
   -0.44426128    26.68987922
   -0.23894712    28.26426007
   -0.05085287    29.84616934
    0.09638940    31.43801852
    0.18834659    33.04020619
    0.23748472    34.64744188
    0.26115976    36.25336706
    0.27657555    37.85160998
    0.28570836    39.43880159
    0.26289710    41.01711278
    0.17956914    42.58936579
    0.00807793    44.15842587
   -0.24635527    45.72626725
   -0.53735106    47.29370558
   -0.81594565    48.86150509
   -1.03331628    50.43046817
   -1.16254460    52.00389529
   -1.22340078    53.59036247
   -1.24164250    55.19909561
   -1.24284699    56.83948272
   -1.24284699    58.53146200
   -1.24284699    60.31084153
   -1.24284699    62.21473660
   -1.24284699    64.28058192
   -1.24284699    66.55269749
   -1.24284699    69.08204163
   -1.24217406    71.91606166
   -1.19593431    74.85101818