    0.00000000   -74.82487360
    0.00000000   -71.88713369
    0.00000000   -69.04602962
    0.00000000   -66.50885835
    0.00000000   -64.22872741
    0.00000000   -62.15510791
    0.00000000   -60.24230854
    0.00000000   -58.44952751
    0.00000000   -56.73617975
    0.00000000   -55.06357935
    0.00000000   -53.41450237
    0.00000000   -51.78528425
    0.00000000   -50.17247389
    0.00000000   -48.57344138
    0.00000000   -46.99084480
   -0.00000000   -45.42942501
   -0.00000000   -43.89390987
    0.00000000   -42.38780129
   -0.00000000   -40.90978624
   -0.00000000   -39.45736076
    0.00000000   -38.02802570
   -0.00000000   -36.61901216
    0.00000000   -35.22573923
   -0.00000000   -33.84289483
    0.00000000   -32.46517359
   -0.00000000   -31.08727864
    0.00000000   -29.70490461
   -0.00000000   -28.31743433
   -0.00000000   -26.92513256
    0.00000000   -25.52828949
   -0.00000000   -24.12723046
    0.00000000   -22.72285106
    0.00000000   -21.31688879
    0.00000000   -19.91115168
    0.00000000   -18.50743319
    0.00000000   -17.10699004
    0.00000000   -15.71038524
    0.00000000   -14.31811280
    0.00000000   -12.93064110
    0.00000000   -11.54804586
   -0.00000000   -10.16704160
    0.00000000    -8.78254938
    0.00000000    -7.38946502
    0.00000000    -5.98267553
   -0.00000000    -4.55736722
   -0.00000000    -3.11031024
    0.00000000    -1.63878173
    0.00000000    -0.14005456
    0.00000000     1.38805256
   -0.00000000     2.94289035
   -0.00000000     4.51929287
   -0.00000000     6.11205509
    0.00000000     7.71585282
    0.00000000     9.32479961
    0.00000000    10.93282047
    0.00000046    12.53384083
    0.00135306    14.12361035
    0.00972822    15.70371988
    0.03165775    17.27694947
    0.07364790    18.84610515
    0.13678526    20.41350413
    0.21020566    21.98035512
    0.28144982    23.54775079
    0.33805518    25.11682066
    0.37007123    26.68892195
    0.37771501    28.26615639
    0.36376940    29.85068521
    0.33102300    31.44451618
    0.28518217    33.04777214
    0.24045674    34.65545000
    0.21260199    36.26167318
    0.21722865    37.86064922
    0.25618919    39.44913720
    0.30636856    41.02840477
    0.34201237    42.60010806
    0.33792282    44.16581388
    0.28853602    45.72719978
    0.21285957    47.28628686
    0.13143165    48.84533871
    0.06471224    50.40686027
    0.02479886    51.97530147
    0.00600512    53.55883445
    0.00037195    55.16598457
    0.00000000    56.80534442
    0.00000000    58.49630748
    0.00000000    60.27461830
    0.00000000    62.17736987
    0.00000000    64.24197443
    0.00000000    66.51272535
    0.00000000    69.04055034
    0.00000000    71.87289161
    0.00000000    74.80775793
