   -1.29708461   -74.88178992
   -1.34807796   -71.94396513
   -1.34882412   -69.10064519
   -1.34882412   -66.56146702
   -1.34882412   -64.27953248
   -1.34882412   -62.20427275
   -1.34882412   -60.28996035
   -1.34882412   -58.49576123
   -1.34882412   -56.78105820
   -1.34882412   -55.10713478
   -1.34882412   -53.45675337
   -1.34882412   -51.82624654
   -1.34882412   -50.21216044
   -1.34848256   -48.61185336
   -1.34525641   -47.02791635
   -1.33572944   -45.46501093
   -1.31648308   -43.92779756
   -1.28478676   -42.41973832
   -1.24064627   -40.93955067
   -1.18474725   -39.48477500
   -1.11777516   -38.05295331
   -1.04054800   -36.64135772
   -0.95476352   -35.24546248
   -0.86247782   -33.86001223
   -0.76574839   -32.47975254
   -0.66663318   -31.09943188
   -0.56772588   -29.71479445
   -0.47362102   -28.32529949
   -0.38938134   -26.93128087
   -0.32007047   -25.53308119
   -0.27071946   -24.13106090
   -0.24446446   -22.72610869
   -0.24155566   -21.31990849
   -0.26200000   -19.91421096
   -0.30574516   -18.51075159
   -0.37059663   -17.11070794
   -0.45164808   -15.71454635
   -0.54381921   -14.32267908
   -0.64203057   -12.93550964
   -0.74140533   -11.55306682
   -0.83890035   -10.17204342
   -0.93245126    -8.78735190
   -1.02000327    -7.39388517
   -1.09950200    -5.98653310
   -1.16906975    -4.56049169
   -1.22773889    -3.11254964
   -1.27483419    -1.64000690
   -1.30968042    -0.14016213
   -1.33188614     1.38913673
   -1.34355045     2.94520908
   -1.34806284     4.52286563
   -1.34882349     6.11688974
   -1.34882412     7.72195607
   -1.34882412     9.33217555
   -1.34882412    10.94146836
   -1.34882359    12.54375512
   -1.34729715    14.13475829
   -1.33784572    15.71595080
   -1.31309898    17.28993262
   -1.26569516    18.85927918
   -1.18974305    20.42610836
   -1.08258861    21.99159886
   -0.94200569    23.55687111
   -0.76576004    25.12311927
   -0.55629877    26.69183604
   -0.33501809    28.26544879
   -0.12810925    29.84656072
    0.03822800    31.43770842
    0.14719515    33.03939386
    0.20947592    34.64630718
    0.24074668    36.25203382
    0.25654556    37.85013138
    0.25864596    39.43722854
    0.22383853    41.01564994
    0.12628093    42.58841135
   -0.05898128    44.15859058
   -0.32517840    45.72818222
   -0.62580092    47.29773650
   -0.91183063    48.86769135
   -1.13437565    50.43847888
   -1.26663543    52.01315250
   -1.32892093    53.60038572
   -1.34759132    55.20956907
   -1.34882412    56.85027758
   -1.34882412    58.54257820
   -1.34882412    60.32229566
   -1.34882412    62.22655232
   -1.34882412    64.29278999
   -1.34882412    66.56533707
   -1.34882412    69.09516158
   -1.34809367    71.92971244
   -1.29790191    74.86469708