   -1.19656441   -74.95475243
   -1.24365356   -72.01682381
   -1.24434262   -69.17066317
   -1.24434262   -66.62891212
   -1.24434262   -64.34466535
   -1.24434262   -62.26730281
   -1.24434262   -60.35105068
   -1.24434262   -58.55503354
   -1.24434262   -56.83859305
   -1.24434262   -55.16297348
   -1.24434262   -53.51091978
   -1.24434262   -51.87876080
   -1.24434262   -50.26303918
   -1.24402720   -48.66109807
   -1.24104795   -47.07544241
   -1.23225015   -45.51063181
   -1.21447725   -43.97124022
   -1.18520865   -42.46067855
   -1.14445135   -40.97770360
   -1.09284063   -39.51991276
   -1.03101203   -38.08490101
   -0.95972367   -36.66999325
   -0.88054575   -35.27073465
   -0.79537867   -33.88194273
   -0.70612332   -32.49842841
   -0.61467998   -31.11499831
   -0.52344202   -29.72746014
   -0.43664670   -28.33537094
   -0.35896068   -26.93915298
   -0.29504942   -25.53921578
   -0.24954711   -24.13596452
   -0.22534101   -22.73027885
   -0.22265926   -21.32377406
   -0.24150799   -19.91812732
   -0.28184093   -18.51499989
   -0.34163872   -17.11546811
   -0.41638225   -15.71987457
   -0.50139112   -14.32852683
   -0.59198381   -12.94174528
   -0.68366324   -11.55949854
   -0.77362180   -10.17845145
   -0.85995351    -8.79350538
   -0.94076023    -7.39954938
   -1.01414333    -5.99147692
   -1.07836662    -4.56449635
   -1.13253377    -3.11542012
   -1.17601867    -1.64157743
   -1.20819551    -0.14030002
   -1.22870104     1.39052661
   -1.23947255     2.94818171
   -1.24363959     4.52744595
   -1.24434204     6.12308783
   -1.24434262     7.72978054
   -1.24434262     9.34163162
   -1.24434262    10.95255508
   -1.24434251    12.55646539
   -1.24403806    14.14907057
   -1.24215296    15.73179445
   -1.23721728    17.30716235
   -1.22774625    18.87765333
   -1.20918266    20.44525411
   -1.17019702    22.01095544
   -1.09856110    23.57565114
   -0.98205257    25.14027332
   -0.81484168    26.70613232
   -0.61689201    28.27595816
   -0.41466056    29.85288775
   -0.23458087    31.44011915
   -0.09676601    33.03874320
   -0.00291613    34.64351248
    0.04859918    36.24793765
    0.05938912    37.84546168
    0.02958178    39.43278973
   -0.04338254    41.01275958
   -0.16235564    42.58901133
   -0.32983968    44.16529626
   -0.53508753    45.74354748
   -0.75071143    47.32316934
   -0.94822932    48.90320306
   -1.09919166    50.48249601
   -1.18870781    52.06305341
   -1.23086929    53.65399820
   -1.24350807    55.26546694
   -1.24434262    56.90788257
   -1.24434262    58.60189795
   -1.24434262    60.38341876
   -1.24434262    62.28960495
   -1.24434262    64.35793629
   -1.24434262    66.63278609
   -1.24434262    69.16517401
   -1.24366807    72.00255754
   -1.19731910    74.93768895
