   -0.69112952   -74.98651353
   -0.71833995   -72.04854145
   -0.71873813   -69.20114420
   -0.71873813   -66.65827308
   -0.71873813   -64.37301973
   -0.71873813   -62.29474177
   -0.71873813   -60.37764522
   -0.71873813   -58.58083664
   -0.71873813   -56.86363977
   -0.71873813   -55.18728182
   -0.71873813   -53.53450012
   -0.71873813   -51.90162190
   -0.71873813   -50.28518830
   -0.71855586   -48.68253583
   -0.71683427   -47.09613192
   -0.71175041   -45.53049173
   -0.70148033   -43.99015150
   -0.68456774   -42.47849989
   -0.66101708   -40.99431083
   -0.63119600   -39.53520662
   -0.59547239   -38.09880539
   -0.55428502   -36.68245505
   -0.50854183   -35.28173175
   -0.45934142   -33.89148477
   -0.40778241   -32.50655349
   -0.35496289   -31.12176988
   -0.30226540   -29.73296928
   -0.25213706   -28.33975123
   -0.20727238   -26.94257642
   -0.17036465   -25.54188340
   -0.14408882   -24.13809674
   -0.13011107   -22.73209209
   -0.12856252   -21.32545486
   -0.13944662   -19.91983024
   -0.16273717   -18.51684724
   -0.19726906   -17.11753818
   -0.24043384   -15.72219186
   -0.28952968   -14.33107033
   -0.34185365   -12.94445778
   -0.39480870   -11.56229663
   -0.44677310   -10.18123953
   -0.49664557    -8.79618298
   -0.54332911    -7.40201431
   -0.58572619    -5.99362853
   -0.62283300    -4.56623937
   -0.65413091    -3.11666957
   -0.67925746    -1.64226108
   -0.69785046    -0.14036005
   -0.70969955     1.39113166
   -0.71592392     2.94947578
   -0.71833188     4.52943990
   -0.71873779     6.12578606
   -0.71873813     7.73318678
   -0.71873813     9.34574814
   -0.71873813    10.95738147
   -0.71873833    12.56199858
   -0.71934521    14.15530652
   -0.72310283    15.73873456
   -0.73294131    17.31481648
   -0.75176534    18.88604163
   -0.77756439    20.45437214
   -0.79749691    22.02067751
   -0.79728135    23.58568392
   -0.76264536    25.15011874
   -0.68447784    26.71511969
   -0.57446582    28.28351897
   -0.44952942    29.85867782
   -0.32656594    31.44407857
   -0.22048860    33.04109548
   -0.14046809    34.64462721
   -0.09464155    36.24831218
   -0.09107903    37.84573082
   -0.13077353    39.43368519
   -0.20187255    41.01501688
   -0.29117520    42.59334613
   -0.38559247    44.17238763
   -0.47568672    45.75392478
   -0.55657710    47.33705500
   -0.62365241    48.92045738
   -0.67230353    50.50257011
   -0.70093977    52.08513724
   -0.71442777    53.67742733
   -0.71847114    55.28980677
   -0.71873813    56.93295982
   -0.71873813    58.62772170
   -0.71873813    60.41002756
   -0.71873813    62.31705374
   -0.71873813    64.38629651
   -0.71873813    66.66214876
   -0.71873813    69.19565261
   -0.71834833    72.03426927
   -0.69156561    74.96946285
