   -0.47177422   -74.83008669
   -0.49030816   -71.89233886
   -0.49057935   -69.05103183
   -0.49057935   -66.51367676
   -0.49057935   -64.23338062
   -0.49057935   -62.15961090
   -0.49057935   -60.24667295
   -0.49057935   -58.45376204
   -0.49057935   -56.74029015
   -0.49057935   -55.06756858
   -0.49057935   -53.41837212
   -0.49057935   -51.78903597
   -0.49057935   -50.17610877
   -0.49045521   -48.57695952
   -0.48928267   -46.99424017
   -0.48582008   -45.43268433
   -0.47882487   -43.89701368
   -0.46730432   -42.39072649
   -0.45126009   -40.91251250
   -0.43094077   -39.45987184
   -0.40659479   -38.03030909
   -0.37851869   -36.62105912
   -0.34732885   -35.22754605
   -0.31377210   -33.84446301
   -0.27859598   -32.46650928
   -0.24254851   -31.08839215
   -0.20657285   -29.70581080
   -0.17234047   -28.31815503
   -0.14169383   -26.92569597
   -0.11647627   -25.52872860
   -0.09851962   -24.12758149
   -0.08896620   -22.72314960
   -0.08790776   -21.31716553
   -0.09534689   -19.91143204
   -0.11126402   -18.50773729
   -0.13485952   -17.10733074
   -0.16434692   -15.71076654
   -0.19787668   -14.31853120
   -0.23360013   -12.93108718
   -0.26974294   -11.54850587
   -0.30519837   -10.16749984
   -0.33921601    -8.78298934
   -0.37104922    -7.38986993
   -0.39995175    -5.98302889
   -0.42524177    -4.55765342
   -0.44656835    -3.11051536
   -0.46368681    -1.63889394
   -0.47635236    -0.14006441
   -0.48442322     1.38815186
   -0.48866264     2.94310272
   -0.49030266     4.51962010
   -0.49057912     6.11249790
   -0.49057935     7.71641181
   -0.49057935     9.32547517
   -0.49057935    10.93361253
   -0.49057878    12.53474887
   -0.48892148    14.12462729
   -0.47865969    15.70480737
   -0.45179046    17.27802140
   -0.40033455    18.84701435
   -0.32126424    20.41406026
   -0.22246775    21.98039493
   -0.11328648    23.54716603
   -0.00305873    25.11557815
    0.09922387    26.68707239
    0.18596095    28.26380358
    0.24989049    29.84798017
    0.28374353    31.44166156
    0.28604675    33.04498442
    0.27226464    34.65282607
    0.26094441    36.25913740
    0.27046783    37.85792252
    0.30299018    39.44587968
    0.33121865    41.02454182
    0.32475418    42.59591360
    0.25398406    44.16195348
    0.11685700    45.72446232
   -0.05419179    47.28517890
   -0.22458643    48.84601065
   -0.35988193    50.40905748
   -0.44049293    51.97849216
   -0.47845067    53.56257123
   -0.48982811    55.16997206
   -0.49057935    56.80945983
   -0.49057935    58.50054539
   -0.49057935    60.27898505
   -0.49057935    62.18187447
   -0.49057935    64.24662861
   -0.49057935    66.51754403
   -0.49057935    69.04555216
   -0.49031387    71.87809580
   -0.47207128    74.81297310