   -1.35962297   -74.89636828
   -1.41308575   -71.95852229
   -1.41386805   -69.11463478
   -1.41386805   -66.57494255
   -1.41386805   -64.29254603
   -1.41386805   -62.21686615
   -1.41386805   -60.30216620
   -1.41386805   -58.50760383
   -1.41386805   -56.79255366
   -1.41386805   -55.11829135
   -1.41386805   -53.46757582
   -1.41386805   -51.83673888
   -1.41386805   -50.22232601
   -1.41350995   -48.62169245
   -1.41012755   -47.03741208
   -1.40013916   -45.47412605
   -1.37996074   -43.93647757
   -1.34672969   -42.42791849
   -1.30045246   -40.94717412
   -1.24184837   -39.49179622
   -1.17163665   -38.05933735
   -1.09067556   -36.64708016
   -1.00074560   -35.25051305
   -0.90400283   -33.86439523
   -0.80260460   -32.48348528
   -0.69870849   -31.10254333
   -0.59503339   -29.71732625
   -0.49639510   -28.32731282
   -0.40809959   -26.93285462
   -0.33545334   -25.53430764
   -0.28372837   -24.13204128
   -0.25621073   -22.72694244
   -0.25316205   -21.32068134
   -0.27458955   -19.91499396
   -0.32043885   -18.51160093
   -0.38841077   -17.11165958
   -0.47336402   -15.71561150
   -0.56997476   -14.32384803
   -0.67291963   -12.93675605
   -0.77708704   -11.55435234
   -0.87928709   -10.17332413
   -0.97735549    -8.78858167
   -1.06913781    -7.39501710
   -1.15247982    -5.98752102
   -1.22541238    -4.56129191
   -1.28692037    -3.11312320
   -1.33629529    -1.64032071
   -1.37282867    -0.14018968
   -1.39610972     1.38941443
   -1.40833896     2.94580301
   -1.41306989     4.52378078
   -1.41386739     6.11812812
   -1.41386805     7.72351940
   -1.41386805     9.33406487
   -1.41386805    10.94368348
   -1.41386759    12.54629463
   -1.41251744    14.13761693
   -1.40415758    15.71910870
   -1.38226903    17.29334770
   -1.34033685    18.86288076
   -1.27238526    20.42979373
   -1.17362257    21.99523482
   -1.03941274    23.56029146
   -0.86511369    25.12612165
   -0.65145847    26.69419828
   -0.42092296    28.26701447
   -0.20147728    29.84728152
   -0.02109396    31.43766895
    0.10157404    33.03879162
    0.17510515    34.64533088
    0.21302115    36.25082849
    0.22872324    37.84878556
    0.22372823    39.43583464
    0.17798287    41.01444234
    0.06915878    42.58780146
   -0.12425007    44.15918345
   -0.39413160    45.73059245
   -0.69525763    47.30231507
   -0.98004264    48.87446605
   -1.20100896    50.44711073
   -1.33228692    52.02305840
   -1.39411182    53.61108145
   -1.41264435    55.22073644
   -1.41386805    56.86178706
   -1.41386805    58.55443028
   -1.41386805    60.33450805
   -1.41386805    62.23915023
   -1.41386805    64.30580621
   -1.41386805    66.57881338
   -1.41386805    69.10915006
   -1.41310222    71.94426690
   -1.36047983    74.87928130