   -0.88473122   -47.99600352     0.00000000
   -0.91952768   -46.11370141     0.00000000
   -0.92003684   -44.29123748     0.00000000
   -0.92003684   -42.66370791     0.00000000
   -0.92003684   -41.20106303     0.00000000
   -0.92003684   -39.87088990     0.00000000
   -0.92003684   -38.64387871     0.00000000
   -0.92003684   -37.49385617     0.00000000
   -0.92003684   -36.39478801     0.00000000
   -0.92003684   -35.32185823     0.00000000
   -0.92003684   -34.26401811     0.00000000
   -0.92003684   -33.21891694     0.00000000
   -0.92003684   -32.18434091     0.00000000
   -0.91980377   -31.15859354     0.00000000
   -0.91760230   -30.14331254     0.00000000
   -0.91110129   -29.14145807    -0.00000000
   -0.89796807   -28.15599362    -0.00000000
   -0.87633966   -27.18912404     0.00000000
   -0.84622050   -26.24003783    -0.00000000
   -0.80807910   -25.30717391    -0.00000000
   -0.76238396   -24.38897120     0.00000000
   -0.70969409   -23.48369564    -0.00000000
   -0.65116871   -22.58846601     0.00000000
   -0.58821138   -21.69993410    -0.00000000
   -0.52222634   -20.81475039     0.00000000
   -0.45461785   -19.92956532    -0.00000000
   -0.38715525   -19.04166871     0.00000000
   -0.32297207   -18.15073953    -0.00000000
   -0.26552045   -17.25701473    -0.00000000
   -0.21825253   -16.36073122     0.00000000
   -0.18459784   -15.46213160    -0.00000000
   -0.16669378   -14.56178293     0.00000000
   -0.16471020   -13.66074626     0.00000000
   -0.17865175   -12.76012412     0.00000000
   -0.20848334   -11.86100912     0.00000000
   -0.25270965   -10.96412938     0.00000000
   -0.30798620   -10.06975150     0.00000000
   -0.37084962    -9.17811236     0.00000000
   -0.43783654    -8.28944887     0.00000000
   -0.50562106    -7.40376383     0.00000000
   -0.57212740    -6.51893105    -0.00000000
   -0.63594696    -5.63168803     0.00000000
   -0.69567743    -4.73876166     0.00000000
   -0.74991648    -3.83687880     0.00000000
   -0.79738216    -2.92296473    -0.00000000
   -0.83741333    -1.99496813    -0.00000000
   -0.86954848    -1.05116668     0.00000000
   -0.89332615    -0.08983823     0.00000000
   -0.90847870     0.89038629     0.00000000
   -0.91643819     1.88777897    -0.00000000
   -0.91951736     2.89900722    -0.00000000
   -0.92003641     3.92072484    -0.00000000
   -0.92003684     4.94951949     0.00000000
   -0.92003684     5.98161714     0.00000000
   -0.92003684     7.01312082     0.00000000
   -0.92003659     8.04013386     0.00000030
   -0.91931189     9.05992121     0.00086796
   -0.91482462    10.07346052     0.00624036
   -0.90307538    11.08246962     0.02030718
   -0.88056342    12.08866468     0.04724078
   -0.84351994    13.09342534     0.08773543
   -0.78758516    14.09738951     0.13481816
   -0.70832044    15.10109607     0.18049286
   -0.60128718    16.10508394     0.21676338
   -0.46583857    17.11009885     0.23725032
   -0.31664159    18.11772184     0.24210350
   -0.17222853    19.12974483     0.23312081
   -0.05112664    20.14795857     0.21210177
    0.03388127    21.17288609     0.18270913
    0.08677944    22.20134998     0.15404400
    0.11459482    23.22950133     0.13619444
    0.12428986    24.25351002     0.13915655
    0.11664353    25.27134713     0.16411629
    0.08121274    26.28425261     0.19627058
    0.00636851    27.29381187     0.21912670
   -0.11904245    28.30159566     0.21654203
   -0.28910412    29.30864971     0.18493590
   -0.47651667    30.31536193     0.13646483
   -0.65262797    31.32207868     0.08428056
   -0.78886126    32.32915589     0.04150411
   -0.86976276    33.33861961     0.01590678
   -0.90786222    34.35605728     0.00385207
   -0.91928275    35.38751368     0.00023860
   -0.92003684    36.43915535     0.00000000
   -0.92003684    37.52386431     0.00000000
   -0.92003684    38.66460458     0.00000000
   -0.92003684    39.88517037     0.00000000
   -0.92003684    41.20956066     0.00000000
   -0.92003684    42.66618848     0.00000000
   -0.92003684    44.28772266     0.00000000
   -0.91953839    46.10456613     0.00000000
   -0.88528891    47.98505971     0.00000000
