   -1.05702553   -74.85576231
   -1.09856623   -71.91797591
   -1.09917406   -69.07566929
   -1.09917406   -66.53740889
   -1.09917406   -64.25629914
   -1.09917406   -62.18178949
   -1.09917406   -60.26816901
   -1.09917406   -58.47461838
   -1.09917406   -56.76053512
   -1.09917406   -55.08721672
   -1.09917406   -53.43743183
   -1.09917406   -51.80751434
   -1.09917406   -50.19401164
   -1.09889582   -48.59428743
   -1.09626774   -47.01096341
   -1.08850687   -45.44873743
   -1.07282824   -43.91230076
   -1.04700717   -42.40513370
   -1.01104786   -40.92593975
   -0.96550817   -39.47223903
   -0.91094570   -38.04155466
   -0.84802596   -36.63114001
   -0.77813120   -35.23644410
   -0.70293584   -33.85218559
   -0.62411569   -32.47308677
   -0.54334725   -31.09387536
   -0.46274395   -29.71027292
   -0.38605038   -28.32170373
   -0.31739345   -26.92847008
   -0.26090146   -25.53089064
   -0.22067652   -24.12930983
   -0.19927620   -22.72461949
   -0.19690523   -21.31852806
   -0.21356936   -19.91281242
   -0.24922531   -18.50923458
   -0.30208313   -17.10900826
   -0.36814231   -15.71264400
   -0.44326086   -14.32059144
   -0.52329805   -12.93328374
   -0.60427906   -11.55077116
   -0.68372408   -10.16975644
   -0.75995128    -8.78515598
   -0.83128699    -7.39186403
   -0.89605814    -5.98476916
   -0.95273582    -4.55906294
   -1.00053262    -3.11152559
   -1.03889932    -1.63944664
   -1.06728656    -0.14011293
   -1.08537601     1.38864094
   -1.09487803     2.94414872
   -1.09855391     4.52123179
   -1.09917355     6.11467884
   -1.09917406     7.71916503
   -1.09917406     9.32880251
   -1.09917406    10.93751365
   -1.09917347    12.53922128
   -1.09743756    14.12965620
   -1.08668913    15.71032482
   -1.05854616    17.28387819
   -1.00464288    18.85295726
   -0.91978434    20.41974613
   -0.80576185    21.98546712
   -0.66529311    23.55128038
   -0.50108667    25.11841965
   -0.31874810    26.68838708
   -0.13562624    28.26348434
    0.02794691    29.84611924
    0.15162444    31.43858984
    0.22377835    33.04120394
    0.25828018    34.64870052
    0.27363950    36.25478774
    0.28820384    37.85317644
    0.30409249    39.44050604
    0.29397169    41.01878646
    0.22740518    42.59063585
    0.07489193    44.15869433
   -0.16005561    45.72490558
   -0.43259666    47.29034447
   -0.69530700    48.85609474
   -0.90091258    50.42332131
   -1.02319199    51.99556722
   -1.08077423    53.58131534
   -1.09803439    55.18963333
   -1.09917406    56.82972948
   -1.09917406    58.52141843
   -1.09917406    60.30049263
   -1.09917406    62.20406101
   -1.09917406    64.26955185
   -1.09917406    66.54127754
   -1.09917406    69.07018766
   -1.09857903    71.90372807
   -1.05769133    74.83865902
