   -0.88682341   -74.84510122
   -0.92167007   -71.90733075
   -0.92217996   -69.06543919
   -0.92217996   -66.52755470
   -0.92217996   -64.24678278
   -0.92217996   -62.17258037
   -0.92217996   -60.25924329
   -0.92217996   -58.46595830
   -0.92217996   -56.75212889
   -0.92217996   -55.07905831
   -0.92217996   -53.42951775
   -0.92217996   -51.79984165
   -0.92217996   -50.18657791
   -0.92194656   -48.58709244
   -0.91974199   -47.00401950
   -0.91323175   -45.44207178
   -0.90007965   -43.90595320
   -0.87841939   -42.39915152
   -0.84825431   -40.92036451
   -0.81005215   -39.46710398
   -0.76428038   -38.03688538
   -0.71149696   -36.62695437
   -0.65286114   -35.23274963
   -0.58977734   -33.84897922
   -0.52365121   -32.47035587
   -0.45588910   -31.09159883
   -0.38826407   -29.70842035
   -0.32391788   -28.32023042
   -0.26631334   -26.92731837
   -0.21891462   -25.52999305
   -0.18516408   -24.12859230
   -0.16720809   -22.72400926
   -0.16521872   -21.31796240
   -0.17920081   -19.91223935
   -0.20911784   -18.50861297
   -0.25346753   -17.10831182
   -0.30889276   -15.71186454
   -0.37191781   -14.31973609
   -0.43906824   -12.93237177
   -0.50700905   -11.54983064
   -0.57365977   -10.16881952
   -0.63760954    -8.78425639
   -0.69745448    -7.39103607
   -0.75179127    -5.98404658
   -0.79933765    -4.55847769
   -0.83943337    -3.11110612
   -0.87161801    -1.63921715
   -0.89543097    -0.14009279
   -0.91060542     1.38843786
   -0.91857622     2.94371439
   -0.92165974     4.52056258
   -0.92217953     6.11377326
   -0.92217996     7.71802182
   -0.92217996     9.32742091
   -0.92217996    10.93589380
   -0.92217935    12.53736422
   -0.92041651    14.12756723
   -0.90950128    15.70802709
   -0.88092138    17.28142214
   -0.82618393    18.85042830
   -0.74068439    20.41726186
   -0.62838760    21.98315690
   -0.49439613    23.54927922
   -0.34380459    25.11686467
   -0.18356800    26.68740480
   -0.02819064    28.26314508
    0.10589850    29.84641195
    0.20225593    31.43940505
    0.25241384    33.04235685
    0.27122983    34.65004488
    0.27780584    36.25625269
    0.29107611    37.85478318
    0.31323873    39.44229014
    0.31611751    41.02062018
    0.26833602    42.59218296
    0.13943252    44.15938782
   -0.06889892    45.72413849
   -0.31471897    47.28775500
   -0.55358149    48.85162412
   -0.74119236    50.41725463
   -0.85281915    51.98842034
   -0.90538366    53.57351811
   -0.92113961    55.18146856
   -0.92217996    56.82131300
   -0.92217996    58.51275141
   -0.92217996    60.29156213
   -0.92217996    62.19484859
   -0.92217996    64.26003353
   -0.92217996    66.53142278
   -0.92217996    69.05995837
   -0.92168081    71.89308490
   -0.88738193    74.82799365