   -1.29811114   -74.94105237
   -1.34918682   -72.00314281
   -1.34993421   -69.15751559
   -1.34993421   -66.61624765
   -1.34993421   -64.33243506
   -1.34993421   -62.25546737
   -1.34993421   -60.33957948
   -1.34993421   -58.54390372
   -1.34993421   -56.82778948
   -1.34993421   -55.15248840
   -1.34993421   -53.50074871
   -1.34993421   -51.86889996
   -1.34993421   -50.25348546
   -1.34959209   -48.65185117
   -1.34636064   -47.06651825
   -1.33681808   -45.50206544
   -1.31754056   -43.96308296
   -1.28579391   -42.45299132
   -1.24158538   -40.97053993
   -1.18560361   -39.51331545
   -1.11853740   -38.07890290
   -1.04120853   -36.66461724
   -0.95531960   -35.26599033
   -0.86293156   -33.87782597
   -0.76610605   -32.49492280
   -0.66690423   -31.11207655
   -0.56792245   -29.72508298
   -0.47375782   -28.33348079
   -0.38947380   -26.93767567
   -0.32013294   -25.53806458
   -0.27076415   -24.13504435
   -0.24450091   -22.72949633
   -0.24159124   -21.32304869
   -0.26204185   -19.91739242
   -0.30580216   -18.51420268
   -0.37068039   -17.11457481
   -0.45177247   -15.71887461
   -0.54399957   -14.32742931
   -0.64228198   -12.94057489
   -0.74174060   -11.55829127
   -0.83932963   -10.17724856
   -0.93298165    -8.79235020
   -1.02063797    -7.39848600
   -1.10023952    -5.99054873
   -1.16990359    -4.56374446
   -1.22865855    -3.11488116
   -1.27582579    -1.64128254
   -1.31072699    -0.14027413
   -1.33296851     1.39026563
   -1.34465188     2.94762353
   -1.34917168     4.52658588
   -1.34993358     6.12192399
   -1.34993421     7.72831131
   -1.34993421     9.33985601
   -1.34993421    10.95047327
   -1.34993400    12.55407873
   -1.34933216    14.14638213
   -1.34560566    15.72881175
   -1.33584867    17.30389959
   -1.31714512    18.87413347
   -1.28433569    20.44151891
   -1.22731518    22.00708901
   -1.13532195    23.57179248
   -0.99759746    25.13662683
   -0.80980718    26.70295331
   -0.59355188    28.27345038
   -0.37696582    29.85115617
   -0.18816464    31.43914528
   -0.04783004    33.03839315
    0.04503372    34.64361939
    0.09534724    36.24831998
    0.10798169    37.84592581
    0.08344643    39.43311631
    0.01433420    41.01267229
   -0.10760446    42.58816889
   -0.29012717    44.16329000
   -0.52268797    45.74000218
   -0.77176941    47.31789037
   -1.00236102    48.89621397
   -1.17950085    50.47406773
   -1.28460986    52.05361890
   -1.33411443    53.64391508
   -1.34895433    55.25496972
   -1.34993421    56.89706582
   -1.34993421    58.59075922
   -1.34993421    60.37194140
   -1.34993421    62.27776528
   -1.34993421    64.34570348
   -1.34993421    66.62012088
   -1.34993421    69.15202746
   -1.34920256    71.98887910
   -1.29892973    74.92398337
