   -0.00000000   -74.99814563
   -0.00000000   -72.06015790
   -0.00000000   -69.21230774
   -0.00000000   -66.66902641
   -0.00000000   -64.38340440
   -0.00000000   -62.30479117
   -0.00000000   -60.38738536
   -0.00000000   -58.59028691
   -0.00000000   -56.87281303
   -0.00000000   -55.19618464
   -0.00000000   -53.54313632
   -0.00000000   -51.90999468
   -0.00000000   -50.29330032
   -0.00000000   -48.69038731
   -0.00000000   -47.10370935
    0.00000000   -45.53776530
    0.00000000   -43.99707758
   -0.00000000   -42.48502669
    0.00000000   -41.00039287
    0.00000000   -39.54080752
   -0.00000000   -38.10389728
    0.00000000   -36.68701851
   -0.00000000   -35.28575868
    0.00000000   -33.89497873
   -0.00000000   -32.50952849
    0.00000000   -31.12424919
   -0.00000000   -29.73498627
    0.00000000   -28.34135486
    0.00000000   -26.94382970
   -0.00000000   -25.54285995
    0.00000000   -24.13887728
   -0.00000000   -22.73275586
   -0.00000000   -21.32607014
   -0.00000000   -19.92045362
   -0.00000000   -18.51752350
   -0.00000000   -17.11829600
   -0.00000000   -15.72304022
   -0.00000000   -14.33200154
   -0.00000000   -12.94545091
   -0.00000000   -11.56332114
    0.00000000   -10.18226042
   -0.00000000    -8.79716345
   -0.00000000    -7.40291695
   -0.00000000    -5.99441647
    0.00000000    -4.56687769
    0.00000000    -3.11712715
   -0.00000000    -1.64251146
   -0.00000000    -0.14038204
   -0.00000000     1.39135326
    0.00000000     2.94994973
    0.00000000     4.53017018
    0.00000000     6.12677427
   -0.00000000     7.73443430
   -0.00000000     9.34725580
   -0.00000000    10.95914912
   -0.00000046    12.56402508
   -0.00135632    14.15759629
   -0.00975151    15.74132341
   -0.03173259    17.31778824
   -0.07381764    18.88954126
   -0.13708724    20.45857134
   -0.21063893    22.02566033
   -0.28197150    23.59139736
   -0.33858701    25.15633517
   -0.37052220    26.72144562
   -0.37802782    28.28956540
   -0.36393324    29.86412912
   -0.33106725    31.44871948
   -0.28515691    33.04484495
   -0.24040219    34.64758846
   -0.21253831    36.25081102
   -0.21715808    37.84834875
   -0.25611108    39.43710900
   -0.30630352    41.01969450
   -0.34200667    42.59939879
   -0.33802801    44.17956139
   -0.28875418    45.76177473
   -0.21312492    47.34523260
   -0.13165609    48.92875061
   -0.06484584    50.51092580
   -0.02485531    52.09362209
   -0.00601939    53.68610717
   -0.00037284    55.29872745
   -0.00000000    56.94214426
   -0.00000000    58.63717954
   -0.00000000    60.41977292
   -0.00000000    62.32710674
   -0.00000000    64.39668333
   -0.00000000    66.67290271
   -0.00000000    69.20681527
   -0.00000000    72.04588355
   -0.00000000    74.98109965
