   -0.24005977   -74.99682641
   -0.24951251   -72.05884044
   -0.24965083   -69.21104165
   -0.24965083   -66.66780684
   -0.24965083   -64.38222665
   -0.24965083   -62.30365144
   -0.24965083   -60.38628070
   -0.24965083   -58.58921513
   -0.24965083   -56.87177267
   -0.24965083   -55.19517495
   -0.24965083   -53.54215686
   -0.24965083   -51.90904510
   -0.24965083   -50.29238031
   -0.24958751   -48.68949685
   -0.24898944   -47.10284997
   -0.24722333   -45.53694039
   -0.24365557   -43.99629208
   -0.23778027   -42.48428647
   -0.22959902   -40.99970310
   -0.21923961   -39.54017232
   -0.20682990   -38.10331981
   -0.19252240   -36.68650097
   -0.17663260   -35.28530200
   -0.15954218   -33.89458249
   -0.14163284   -32.50919111
   -0.12328602   -31.12396802
   -0.10498198   -29.73475753
   -0.08757067   -28.34117301
   -0.07198791   -26.94368758
   -0.05916903   -25.54274921
   -0.05004296   -24.13878877
   -0.04518827   -22.73268059
   -0.04465044   -21.32600037
   -0.04843065   -19.92038293
   -0.05651986   -18.51744681
   -0.06851352   -17.11821007
   -0.08350579   -15.72294402
   -0.10055840   -14.33189594
   -0.11873260   -12.94533828
   -0.13712639   -11.56320496
   -0.15517646   -10.18214464
   -0.17250024    -8.79705226
   -0.18871662    -7.40281458
   -0.20344428    -5.99432711
   -0.21633444    -4.56680530
   -0.22720685    -3.11707526
   -0.23593553    -1.64248306
   -0.24239458    -0.14037954
   -0.24651087     1.39132812
   -0.24867319     2.94989597
   -0.24950970     4.53008736
   -0.24965072     6.12666219
   -0.24965083     7.73429281
   -0.24965083     9.34708481
   -0.24965083    10.95894865
   -0.24965122    12.56379525
   -0.25078953    14.15733472
   -0.25783766    15.74101477
   -0.27629166    17.31739737
   -0.31161918    18.88900778
   -0.36386056    20.45782039
   -0.42109647    22.02464079
   -0.46981397    23.59009783
   -0.49650620    25.15479589
   -0.49119405    26.71975845
   -0.45811072    28.28783224
   -0.40507060    29.86244639
   -0.33987853    31.44717341
   -0.27163131    33.04349682
   -0.21322592    34.64643683
   -0.17825059    36.24977301
   -0.18017323    37.84724686
   -0.22060370    39.43573146
   -0.27962954    41.01793343
   -0.33506818    42.59728542
   -0.36514257    44.17728515
   -0.36273479    45.75959025
   -0.33910290    47.34331687
   -0.30667715    48.92717912
   -0.27787738    50.50965735
   -0.26047007    52.09253298
   -0.25227101    53.68509111
   -0.24981313    55.29771372
   -0.24965083    56.94110263
   -0.24965083    58.63610690
   -0.24965083    60.41866767
   -0.24965083    62.32596660
   -0.24965083    64.39550533
   -0.24965083    66.67168308
   -0.24965083    69.20554928
   -0.24951542    72.04456635
   -0.24021127    74.97977989