   -1.05859827   -74.96713933
   -1.10026511   -72.02919363
   -1.10087482   -69.18255072
   -1.10087482   -66.64036284
   -1.10087482   -64.35572351
   -1.10087482   -62.27800395
   -1.10087482   -60.36142250
   -1.10087482   -58.56509670
   -1.10087482   -56.84836123
   -1.10087482   -55.17245369
   -1.10087482   -53.52011607
   -1.10087482   -51.88767659
   -1.10087482   -50.27167730
   -1.10059573   -48.66945876
   -1.09795952   -47.08351129
   -1.09017475   -45.51837717
   -1.07444838   -43.97861563
   -1.04855021   -42.46762893
   -1.01248666   -40.98418053
   -0.96682019   -39.52587753
   -0.91211354   -38.09032394
   -0.84903795   -36.67485363
   -0.77898316   -35.27502384
   -0.70363102   -33.88566447
   -0.62466366   -32.50159754
   -0.54376252   -31.11763957
   -0.46304512   -29.72960903
   -0.38625997   -28.33707954
   -0.31753510   -26.94048837
   -0.26099716   -25.54025636
   -0.22074498   -24.13679626
   -0.19933203   -22.73098617
   -0.19695974   -21.32442971
   -0.21363348   -19.91879160
   -0.24931264   -18.51572050
   -0.30221145   -17.11627559
   -0.36833290   -15.72077847
   -0.44353719   -14.32951895
   -0.52368323   -12.94280329
   -0.60479273   -11.56058992
   -0.68438176   -10.17953890
   -0.76076387    -8.79454972
   -0.83225940    -7.40051076
   -0.89718809    -5.99231608
   -0.95401333    -4.56517615
   -1.00194163    -3.11590742
   -1.04041854    -1.64184406
   -1.06889000    -0.14032343
   -1.08703431     1.39076258
   -1.09656552     2.94868639
   -1.10025275     4.52822359
   -1.10087431     6.12414013
   -1.10087482     7.73110897
   -1.10087482     9.34323705
   -1.10087482    10.95443736
   -1.10087483    12.55862332
   -1.10087720    14.15150189
   -1.10089190    15.73449558
   -1.10093038    17.31012776
   -1.10098515    18.88087480
   -1.09723997    20.44870966
   -1.07748484    22.01458086
   -1.02839544    23.57932570
   -0.93665546    25.14380806
   -0.79511502    26.70928296
   -0.62149193    28.27852406
   -0.43976172    29.85475679
   -0.27387385    31.44129052
   -0.14276379    33.03932307
   -0.05077744    34.64364878
    0.00037547    36.24780758
    0.00899331    37.84527205
   -0.02518100    39.43277701
   -0.09978219    41.01318982
   -0.21217741    42.59018013
   -0.35953515    44.16752723
   -0.53122973    45.74712170
   -0.70683284    47.32822370
   -0.86525784    48.90970181
   -0.98543765    50.49020774
   -1.05662847    52.07161977
   -1.09015943    53.66312397
   -1.10021111    55.27495870
   -1.10087482    56.91766265
   -1.10087482    58.61196917
   -1.10087482    60.39379614
   -1.10087482    62.30030993
   -1.10087482    64.36899672
   -1.10087482    66.64423748
   -1.10087482    69.17706061
   -1.10027795    72.01492506
   -1.05926605    74.95008084
