   -0.88839615   -74.97783522
   -0.92336895   -72.03987490
   -0.92388072   -69.19281554
   -0.92388072   -66.65025047
   -0.92388072   -64.36527216
   -0.92388072   -62.28724433
   -0.92388072   -60.37037851
   -0.92388072   -58.57378619
   -0.92388072   -56.85679599
   -0.92388072   -55.18063979
   -0.92388072   -53.52805701
   -0.92388072   -51.89537532
   -0.92388072   -50.27913626
   -0.92364646   -48.67667816
   -0.92143376   -47.09047871
   -0.91489964   -45.52506521
   -0.90169980   -43.98498421
   -0.87996243   -42.47363045
   -0.84969311   -40.98977318
   -0.81136417   -39.53102788
   -0.76544822   -38.09500636
   -0.71250895   -36.67905023
   -0.65371311   -35.27872718
   -0.59047252   -33.88887780
   -0.52419917   -32.50433369
   -0.45630437   -31.11991992
   -0.38856523   -29.73146424
   -0.32412747   -28.33855461
   -0.26645499   -26.94164121
   -0.21901033   -25.54115467
   -0.18523254   -24.13751428
   -0.16726393   -22.73159677
   -0.16527323   -21.32499572
   -0.17926494   -19.91936505
   -0.20920518   -18.51634259
   -0.25359584   -17.11697269
   -0.30908334   -15.72155882
   -0.37219414   -14.33037547
   -0.43945342   -12.94371674
   -0.50752272   -11.56153219
   -0.57431745   -10.18047780
   -0.63842214    -8.79545142
   -0.69842689    -7.40134084
   -0.75292122    -5.99304066
   -0.80061516    -4.56576313
   -0.84084238    -3.11632818
   -0.87313723    -1.64207429
   -0.89703442    -0.14034365
   -0.91226372     1.39096634
   -0.92026371     2.94912219
   -0.92335858     4.52889507
   -0.92388029     6.12504879
   -0.92388072     7.73225606
   -0.92388072     9.34462334
   -0.92388072    10.95606271
   -0.92388082    12.56048669
   -0.92419010    14.15360192
   -0.92610506    15.73683274
   -0.93111892    17.31270536
   -0.94070238    18.88369964
   -0.95189675    20.45178024
   -0.95198264    22.01785483
   -0.92694408    23.58270428
   -0.86277423    25.14712352
   -0.75121817    26.71230944
   -0.60720682    28.28107013
   -0.45150446    29.85670656
   -0.30484950    31.44262382
   -0.18442649    33.04011518
   -0.09709694    34.64402415
   -0.04785964    36.24793370
   -0.04167555    37.84536268
   -0.07917926    39.43307855
   -0.15315240    41.01394994
   -0.25555659    42.59163983
   -0.37831012    44.16991519
   -0.51122802    45.75061621
   -0.64146069    47.33289971
   -0.75595973    48.91551228
   -0.84168638    50.49696786
   -0.89237585    52.07905672
   -0.91625097    53.67101398
   -0.92340813    55.28315541
   -0.92388072    56.92610770
   -0.92388072    58.62066560
   -0.92388072    60.40275696
   -0.92388072    62.30955362
   -0.92388072    64.37854735
   -0.92388072    66.65412569
   -0.92388072    69.18732462
   -0.92337973    72.02560434
   -0.88895665    74.96078104
