   -1.38087460   -74.91140942
   -1.43518437   -71.97354181
   -1.43597907   -69.12906869
   -1.43597907   -66.58884607
   -1.43597907   -64.30597289
   -1.43597907   -62.22985953
   -1.43597907   -60.31475971
   -1.43597907   -58.51982257
   -1.43597907   -56.80441423
   -1.43597907   -55.12980226
   -1.43597907   -53.47874199
   -1.43597907   -51.84756448
   -1.43597907   -50.23281445
   -1.43561529   -48.63184404
   -1.43217928   -47.04720938
   -1.42203260   -45.48353064
   -1.40153448   -43.94543318
   -1.36777720   -42.43635830
   -1.32076768   -40.95503944
   -1.26123718   -39.49904007
   -1.18991692   -38.06592368
   -1.10767940   -36.65298379
   -1.01633391   -35.25572341
   -0.91807109   -33.86891676
   -0.81508268   -32.48733590
   -0.70956041   -31.10575293
   -0.60426584   -29.71993783
   -0.50408974   -28.32938955
   -0.41442016   -26.93447789
   -0.34064512   -25.53557264
   -0.28811741   -24.13305246
   -0.26017304   -22.72780238
   -0.25707709   -21.32147848
   -0.27883684   -19.91580156
   -0.32539753   -18.51247697
   -0.39442526   -17.11264116
   -0.48070003   -15.71671018
   -0.57881626   -14.32505380
   -0.68336841   -12.93804177
   -0.78916542   -11.55567845
   -0.89296746   -10.17464532
   -0.99257604    -8.78985034
   -1.08580242    -7.39618487
   -1.17045788    -5.98854024
   -1.24454156    -4.56211750
   -1.30702159    -3.11371496
   -1.35717762    -1.64064447
   -1.39428944    -0.14021811
   -1.41793931     1.38970095
   -1.43036234     2.94641581
   -1.43516826     4.52472499
   -1.43597840     6.11940583
   -1.43597907     7.72513238
   -1.43597907     9.33601420
   -1.43597907    10.94596896
   -1.43597868    12.54891480
   -1.43484594    14.14056686
   -1.42783226    15.72237091
   -1.40946847    17.29688560
   -1.37428471    18.86663314
   -1.31640171    20.43366942
   -1.22903396    21.99910744
   -1.10527466    23.56399422
   -0.93821375    25.12944194
   -0.72684812    26.69689435
   -0.49405286    28.26890965
   -0.26872970    29.84830988
   -0.07977553    31.43790131
    0.05286874    33.03841773
    0.13541671    34.64454260
    0.17882595    36.24978767
    0.19395438    37.84761336
    0.18201635    39.43466222
    0.12672306    41.01352662
    0.00993702    42.58755464
   -0.18574701    44.16018652
   -0.45112011    45.73342484
   -0.74360710    47.30730244
   -1.01849929    48.88162376
   -1.23117548    50.45610195
   -1.35748384    52.03331258
   -1.41696997    53.62212528
   -1.43480165    55.23225903
   -1.43597907    56.87366208
   -1.43597907    58.56665880
   -1.43597907    60.34710832
   -1.43597907    62.25214827
   -1.43597907    64.31923585
   -1.43597907    66.59271771
   -1.43597907    69.12358282
   -1.43520110    71.95928361
   -1.38174504    74.89432849
