   -0.23951357   -74.82618678
   -0.24892249   -71.88844487
   -0.24906016   -69.04728968
   -0.24906016   -66.51007211
   -0.24906016   -64.22989955
   -0.24906016   -62.15624221
   -0.24906016   -60.24340794
   -0.24906016   -58.45059419
   -0.24906016   -56.73721516
   -0.24906016   -55.06458424
   -0.24906016   -53.41547716
   -0.24906016   -51.78622931
   -0.24906016   -50.17338952
   -0.24899714   -48.57432760
   -0.24840190   -46.99170009
   -0.24664408   -45.43024603
   -0.24309290   -43.89469172
   -0.23724437   -42.38853815
   -0.22909933   -40.91047299
   -0.21878394   -39.45799331
   -0.20642431   -38.02860089
   -0.19217094   -36.61952779
   -0.17633671   -35.22619438
   -0.15930075   -33.84328986
   -0.14144253   -32.46551006
   -0.12314180   -31.08755914
   -0.10487739   -29.70513289
   -0.08749789   -28.31761588
   -0.07193872   -26.92527449
   -0.05913579   -25.52840010
   -0.05001918   -24.12731889
   -0.04516888   -22.72292627
   -0.04463150   -21.31695850
   -0.04840838   -19.91122230
   -0.05648953   -18.50750980
   -0.06846895   -17.10707587
   -0.08343960   -15.71048129
   -0.10046243   -14.31821820
   -0.11859883   -12.93075347
   -0.13694800   -11.54816174
   -0.15494805   -10.16715704
   -0.17221803    -8.78266021
   -0.18837891    -7.38956702
   -0.20305185    -5.98276454
   -0.21589076    -4.55743931
   -0.22671751    -3.11036191
   -0.23540791    -1.63880999
   -0.24183771    -0.14005704
   -0.24593495     1.38807758
   -0.24808713     2.94294385
   -0.24891970     4.51937530
   -0.24906005     6.11216664
   -0.24906016     7.71599363
   -0.24906016     9.32496979
   -0.24906016    10.93301999
   -0.24905964    12.53406956
   -0.24753156    14.12386512
   -0.23806991    15.70398263
   -0.21329557    17.27717941
   -0.16585448    18.84623247
   -0.09365769    20.41343963
   -0.00622533    21.98002660
    0.08537505    23.54711788
    0.17007574    25.11588552
    0.23826023    26.68773234
    0.28617972    28.26478140
    0.31155938    29.84920812
    0.31212352    31.44303438
    0.29002055    33.04637930
    0.26031638    34.65417840
    0.24042709    36.26046949
    0.24761145    37.85935969
    0.28390428    39.44757604
    0.32371240    41.02651060
    0.33852560    42.59798384
    0.30051622    44.16374782
    0.20581953    45.72554343
    0.08055537    47.28527024
   -0.04729406    48.84503758
   -0.14985455    50.40717474
   -0.21104256    51.97601077
   -0.23985406    53.55975218
   -0.24848995    55.16698752
   -0.24906016    56.80638109
   -0.24906016    58.49737501
   -0.24906016    60.27571828
   -0.24906016    62.17850458
   -0.24906016    64.24314682
   -0.24906016    66.51393917
   -0.24906016    69.04181030
   -0.24892539    71.87420254
   -0.23966437    74.80907163
